1010101000111001111000111100110111000000010100100101100010000010
1101011011111111010110011111110000010001001101101000101011001100
1010001000010010011110110110001010110000101110111100001011100001
1111101101111100001110101110011100000100100111101111110010010011
1110110001010100111100111011111111101111101111111011000101001110
1001111110111110110101011101010111011010100110101100011111100100
0011110010101001101001010110111000010000110100011011111011001011
0101011101011111011110000001110001001000110010011000010101010101
0011011010110110101011001110101000100001100010110010100101100001
0101001010011000001001000111111100001101100011110100011000010110
1010110011110011101110110110001001001011100101001110011101011000
1001000010010001011001000001100011011111001010110011101111000100
0000010101001000000001111000111110010110011100011011000101001001
0110101000101001110110111100100000111010101100011101101011100111
0110000101111010010011000111110010000001100001000100110011000010
1100110101110100001111100000011001100110001001110100000100010010
