1101011011111111010110011111110000010001001101101000101011001100
1111100100011111011010101111101100111011100100011011000010000101
0001111001010100010011010011011011110110100010001101000101111110
0100111101000111101110000101111111111001100101101011110100010001
0010010011101111000000110010000100001101000000001110010111101100
0111111011001000010100000100001110001101011011100001100100000000
1001000010010001011001000001100011011111001010110011101111000100
1010000000010010001101011000000100010000000101010010011100000101
1011111011100101010010000010010001000001001110001010001011011011
0000011011110111111110101010111101001111101011010100101011011110
0101111111010111100001001111001101000001100100101011100001010110
