1010101000111001111000111100110111000000010100100101100010000010
1101011011111111010110011111110000010001001101101000101011001100
1111100100011111011010101111101100111011100100011011000010000101
0001111001010100010011010011011011110110100010001101000101111110
1111101101111100001110101110011100000100100111101111110010010011
1110101010011010011110000001111110001001111110100000001000111000
0110111000110110111001100011101110100101010010100010101000100010
1010001000010010011110110110001010110000101110111100001011100001
1111010000001101111111010000001100101010001100101100010011101000
1001111110111110110101011101010111011010100110101100011111100100
0111010010100110110100011000111101100100110011011010001010111011
0010010011101111000000110010000100001101000000001110010111101100
0001001010011100111110111101000111111000000110011010111100100101
1111010000110110110110011000000000100110010101000011000111010000
0111101100011011100101001100000001100100000100010100100101101111
0111110111100101011001000000001101000000110011001110100000001110
1110000001101011010011101000001010000010100001110001110110110010
0011011001101100001101010100000011010001010101001100111111111001
1110001110000001100101100110000101011011001110001011111001100001
