1101011011111111010110011111110000010001001101101000101011001100
1111100100011111011010101111101100111011100100011011000010000101
0001111001010100010011010011011011110110100010001101000101111110
1010001000010010011110110110001010110000101110111100001011100001
1111101000000101010001100011010001101110100101000111000101101010
1110101010011010011110000001111110001001111110100000001000111000
0110111000110110111001100011101110100101010010100010101000100010
1111010000001101111111010000001100101010001100101100010011101000
0011100110001110101010000111100111011101101000110110001000000110
1101110100111000011010111011111000001001011000101011101100000101
0011110010101001101001010110111000010000110100011011111011001011
1110000000100111110111011011011010111011101011110010100101011111
0010010011101111000000110010000100001101000000001110010111101100
0000111010101100110001101010110101001000001011010010011011011010
1010101000111001111000111100110111000000010100100101100010000010
1111101101111100001110101110011100000100100111101111110010010011
1001111110111110110101011101010111011010100110101100011111100100
0111101101111010010100111001110000111100110110101000011101001000
