1010101000111001111000111100110111000000010100100101100010000010
1101011011111111010110011111110000010001001101101000101011001100
1010001000010010011110110110001010110000101110111100001011100001
1111101101111100001110101110011100000100100111101111110010010011
1111101000000101010001100011010001101110100101000111000101101010
1110101010011010011110000001111110001001111110100000001000111000
1110000000100111110111011011011010111011101011110010100101011111
0001001010011100111110111101000111111000000110011010111100100101
1100010000001111110101110001010111100101100000011100010101011011
1110000001101011010011101000001010000010100001110001110110110010
0010101000101101001110100000101110111111001010110000011101011011
1001101001000010110000101110101100000010011000010000100011011100
1111110000010111100100101000110101100100010011111101001011111110
1111001101010000100110010100011110000100011111000111010001110011
0110100110010110111101110111001011111110100100110001111101011000
1101110110101101111000001001110000011100111010001110010100101101
0000100001110011101000100100000001110111111010010110010011000001
1010101101010001010010010110011001010011001000111000001111101010
1010111010100110000110010000000100011100101101100011100011111010
0011011001000001101001100110000000001101001100010111010011101101
0100011101010011000010011100010111011100010010101010101010000010
0001001111110101111011110011001101111010011001001110111000001001
