1010101000111001111000111100110111000000010100100101100010000010
1101011011111111010110011111110000010001001101101000101011001100
1010001000010010011110110110001010110000101110111100001011100001
1111101000000101010001100011010001101110100101000111000101101010
1110101010011010011110000001111110001001111110100000001000111000
1111010000001101111111010000001100101010001100101100010011101000
0011100110001110101010000111100111011101101000110110001000000110
1001111110111110110101011101010111011010100110101100011111100100
0111010010100110110100011000111101100100110011011010001010111011
0111000000011110101010010110101000111100110001001000101001000000
1110000000100111110111011011011010111011101011110010100101011111
0010010011101111000000110010000100001101000000001110010111101100
0001001010011100111110111101000111111000000110011010111100100101
0111101100011011100101001100000001100100000100010100100101101111
0000111010101100110001101010110101001000001011010010011011011010
0110000100011100100010000000001110010000101100111011010010110000
0010101101101111100110100010101000111010010010110011001110001000
1000011111101010110111000010101001100100111101010011100011001000
0011011001101100001101010100000011010001010101001100111111111001
0000110100001100000110110101101011001100000011000000100111000100
1011111101100001111111100111110111001000111001101001011110100011
1111000100010100101110101110101000100111101000010111000110001010
1000000101110111001011010000000010011111010000111111001011000011
1111001101010110110010001000010010101111011010100011000011001110
1010001011101110011110000000000111101111111001110000100101111001
0010100110010110010100001100000100011010010001011000001111011111
1010111111001101100111111100111101110010001101000010000010101011
0110000111001011011000100101101011111101001010110010000111101111
0000000111111000101001001010000100010001000100101011111100100010
1101011110001011000101001010011101011110000111010001011110001100
1010001111110100100100000010110000011100001100000010100000100000
0010110101001110010101010100000110001111010110000011010111011001
0101100100111110110000000110100110001000001011001001001011111101
0101110001101010110110110011101111001101100010101000101010110000
0001100011110110000101001010000000111010011010101111000001101001
1100100011100101100000101000000110101100001000111010011111000100
1101000111110010111001100100001010000110011000011010111111100111
