1001111110111110110101011101010111011010100110101100011111100100
0111101101111010010100111001110000111100110110101000011101001000
0001001010011100111110111101000111111000000110011010111100100101
1110011110101101111001101101000010101101000011010101010110010010
0101011101011111011110000001110001001000110010011000010101010101
0101001110001111000110100010010111100100000001000011010001110001
0010101101101111100110100010101000111010010010110011001110001000
1011111101100001111111100111110111001000111001101001011110100011
0011000001011100011011000101001110101110110000101010010001001011
1110011001111011000110101111101101100101111000101011100000100100
1010111111001101100111111100111101110010001101000010000010101011
0001101000100000010101000111100011100011101010010001110111000111
0101011100000110101000010111010110100010000111000100100101010001
0110000111001011011000100101101011111101001010110010000111101111
0000000111111000101001001010000100010001000100101011111100100010
0101110001101010110110110011101111001101100010101000101010110000
