1101011011111111010110011111110000010001001101101000101011001100
1111100100011111011010101111101100111011100100011011000010000101
1111101000000101010001100011010001101110100101000111000101101010
1110101010011010011110000001111110001001111110100000001000111000
0010010011101111000000110010000100001101000000001110010111101100
1110001110000001100101100110000101011011001110001011111001100001
0111101111011110011000100100110011001111101001011111110010000000
0010000110110011101111111100000111000101101011001110111100011110
1011100100101011010000011110000100001000100010011111011101010110
1010101111111010000101000011110101001001011110010010011001111000
0100011000101000010111011100001001011010100011100001011010010100
0100011100101111101010111010000101010011100100100100001010110011
0100110000010111110001100000000110100000101001101101110100000111
0101000101001000011000100100000101100110010001101110000010111100
1101010001110000111001111010001001110101111000010000111100000010
