1010101000111001111000111100110111000000010100100101100010000010
1101011011111111010110011111110000010001001101101000101011001100
0001111001010100010011010011011011110110100010001101000101111110
1111101000000101010001100011010001101110100101000111000101101010
1111010000001101111111010000001100101010001100101100010011101000
0111101101111010010100111001110000111100110110101000011101001000
1110000000100111110111011011011010111011101011110010100101011111
0101001010011000001001000111111100001101100011110100011000010110
1011111101100001111111100111110111001000111001101001011110100011
0111100010110101100001011100011000001111100110111010011101111100
1010111111001101100111111100111101110010001101000010000010101011
0000000111111000101001001010000100010001000100101011111100100010
0011101011001010111110101001001111101000100101011000011010100110
1111101110001011001001110100101011110111011010000010010011100010
