1010101000111001111000111100110111000000010100100101100010000010
1101011011111111010110011111110000010001001101101000101011001100
1111100100011111011010101111101100111011100100011011000010000101
0001111001010100010011010011011011110110100010001101000101111110
1111101101111100001110101110011100000100100111101111110010010011
1111101000000101010001100011010001101110100101000111000101101010
0110111000110110111001100011101110100101010010100010101000100010
1010001000010010011110110110001010110000101110111100001011100001
1111010000001101111111010000001100101010001100101100010011101000
1001111110111110110101011101010111011010100110101100011111100100
1100110001011110011100110010111000000110111100010101011101110011
0111010010100110110100011000111101100100110011011010001010111011
0111000000011110101010010110101000111100110001001000101001000000
0011110010101001101001010110111000010000110100011011111011001011
0010010011101111000000110010000100001101000000001110010111101100
0011011010110110101011001110101000100001100010110010100101100001
0111110111100101011001000000001101000000110011001110100000001110
1110000001101011010011101000001010000010100001110001110110110010
1011110111011110000000100010101111000001001000111010111001101110
1110001110000001100101100110000101011011001110001011111001100001
