1101011011111111010110011111110000010001001101101000101011001100
0001111001010100010011010011011011110110100010001101000101111110
1111101000000101010001100011010001101110100101000111000101101010
1111010000001101111111010000001100101010001100101100010011101000
1101110100111000011010111011111000001001011000101011101100000101
1101010110010011100001110101101110001010011110110101110011100001
0111010010100110110100011000111101100100110011011010001010111011
0001001010011100111110111101000111111000000110011010111100100101
0001100110110000011001010000110001001011000001000100000010001010
0011011010110110101011001110101000100001100010110010100101100001
1001101001000010110000101110101100000010011000010000100011011100
0101001010011000001001000111111100001101100011110100011000010110
1011111101100001111111100111110111001000111001101001011110100011
0000000101010011111111101100010000001011110010000111010000001001
1111001111111001101100101100111111101111101010111111110101000001
0110100110010110111101110111001011111110100100110001111101011000
1000000101110111001011010000000010011111010000111111001011000011
1010111111001101100111111100111101110010001101000010000010101011
0000000111111000101001001010000100010001000100101011111100100010
0011101011001010111110101001001111101000100101011000011010100110
1010111111011111110101110011011011100110000100001101010110011000
0100010011111111101000101101101111110110011000100100110101011100
