1010101000111001111000111100110111000000010100100101100010000010
1101011011111111010110011111110000010001001101101000101011001100
1111100100011111011010101111101100111011100100011011000010000101
0001111001010100010011010011011011110110100010001101000101111110
1010001000010010011110110110001010110000101110111100001011100001
1111101101111100001110101110011100000100100111101111110010010011
1111010000001101111111010000001100101010001100101100010011101000
0010010011101111000000110010000100001101000000001110010111101100
0111111011001000010100000100001110001101011011100001100100000000
0110000100011100100010000000001110010000101100111011010010110000
0101001110001111000110100010010111100100000001000011010001110001
0111110111100101011001000000001101000000110011001110100000001110
0010000110110011101111111100000111000101101011001110111100011110
1100110001011110011100110010111000000110111100010101011101110011
1110000001101011010011101000001010000010100001110001110110110010
1110001110000001100101100110000101011011001110001011111001100001
1110101010011010011110000001111110001001111110100000001000111000
1111101000000101010001100011010001101110100101000111000101101010
1000000101110111001011010000000010011111010000111111001011000011
1001111110111110110101011101010111011010100110101100011111100100
0111010010100110110100011000111101100100110011011010001010111011
0001001010011100111110111101000111111000000110011010111100100101
1111010000110110110110011000000000100110010101000011000111010000
0111101100011011100101001100000001100100000100010100100101101111
0011011001101100001101010100000011010001010101001100111111111001
